65535
65535
65535
65535
65535
65535
65535
65535
65535
65535
65535
65535
65535
65535
65535
65535
42405
23130
65535
65535
65535
65535
65535
65535
65535
65535
65535
65535
65535
65535
65535
65535
1
65534
65535
65535
65535
65535
65535
65535
65535
65535
65535
65535
65535
65535
65535
65535
229
65306
65535
65535
65535
65535
65535
65535
65535
65535
65535
65535
65535
65535
65535
65535
65535
65535
65535
65535
65535
65535
65535
65535
65535
65535
65535
65535
65535
65535
65535
65535
899
896
890
882
872
856
840
821
804
777
753
724
703
670
642
615
587
556
524
493
461
429
396
366
342
314
285
259
235
215
195
176
162
150
139
130
125
123
123
127
133
142
153
167
185
204
226
247
274
297
325
354
385
416
448
481
515
545
577
608
643
671
698
728
755
779
800
820
839
856
869
881
890
895
898
65535
65535
65535
65535
65535
523
560
593
625
654
690
718
747
770
799
820
844
857
875
888
897
904
908
911
910
906
899
889
876
865
848
828
807
784
760
734
705
679
651
621
588
554
522
490
455
425
395
364
335
304
275
247
224
200
182
163
146
131
120
111
107
105
106
112
119
132
146
162
182
206
228
252
280
310
339
372
406
442
475
510
65535
65535
65535
65535
65535
65535
65535
65535
65535
65535
65535
65535
65535
65535
65535
65535
65535
65535
65535
65535
65535
