0000 ffff
00be ff41

903
902
898
891
880
865
851
834
814
792
767
742
719
691
658
632
602
568
538
506
474
440
409
377
354
327
298
271
248
226
204
184
169
157
145
137
131
129
130
133
140
150
162
178
196
216
239
264
290
312
338
368
401
433
464
495
527
556
585
617
647
675
704
732
757
781
800
823
841
858
871
883
894
899
902

497
529
565
593
622
657
687
715
741
768
792
813
830
848
864
875
885
892
895
895
892
885
875
862
851
835
815
792
770
746
719
689
661
634
605
572
539
506
478
444
412
383
352
322
291
264
237
212
188
171
153
136
122
110
102
98
97
99
103
113
124
138
155
174
195
218
238
268
296
325
353
384
418
449
483
