0000 ffff
0044 ffbb

866
872
875
876
874
868
860
849
836
821
802
783
762
740
714
690
659
633
602
571
540
506
472
440
412
380
349
319
290
263
238
214
193
174
158
143
129
120
113
110
110
112
119
127
140
153
172
190
212
232
256
283
312
340
369
401
431
461
491
523
553
584
614
643
670
698
721
746
769
789
808
825
840
852
863
65535
65535
65535
65535
65535
429
461
492
520
549
582
611
641
669
698
726
751
774
794
816
832
849
862
874
882
887
889
888
884
877
867
854
839
820
800
778
754
729
704
678
648
616
586
554
519
489
460
428
398
366
338
307
282
256
234
213
193
173
158
144
134
125
121
119
120
124
131
141
153
166
184
202
223
246
271
296
322
352
380
411
65535
65535
65535
65535
65535
65535
65535
65535
65535
65535
65535
65535
65535
65535
65535
65535
65535
65535
65535
65535
65535
